500
188
113
179
228
202
125
19
240
123
148
70
206
92
58
66
26
109
1
137
181
122
90
48
126
161
4
182
169
201
93
72
113
108
207
131
94
226
157
124
41
35
231
196
148
156
107
38
242
160
171
58
34
37
228
202
188
112
237
210
40
110
43
6
80
119
182
236
230
93
116
88
182
23
224
60
56
158
185
54
142
94
4
84
22
111
157
231
201
101
20
87
109
120
62
37
120
44
76
155
234
170
202
204
233
243
95
124
248
60
16
113
132
246
87
168
184
170
51
198
205
6
73
205
33
219
11
240
61
245
115
178
132
140
119
117
68
144
67
0
8
57
172
234
198
77
52
25
157
93
26
33
214
216
106
123
202
195
122
233
222
227
159
124
241
60
227
171
77
66
190
26
99
160
177
37
47
187
201
233
194
199
98
211
203
79
199
139
32
194
77
126
44
240
12
21
129
203
185
103
36
21
198
82
36
21
76
238
217
107
61
144
191
136
192
200
130
7
218
119
188
158
196
14
154
176
67
119
237
109
128
158
176
71
112
213
46
73
191
116
71
208
113
69
167
22
184
13
195
199
20
95
113
130
213
173
113
13
14
159
16
228
150
94
74
182
149
153
49
62
48
208
159
70
128
69
1
184
10
191
42
186
248
138
22
117
147
215
199
55
13
7
80
221
91
123
64
225
151
107
19
148
227
226
157
131
170
161
240
47
178
232
241
62
157
169
108
227
144
215
17
192
204
173
144
221
9
249
135
216
97
211
80
221
223
29
232
167
225
61
77
132
146
17
209
15
125
239
93
198
1
121
4
61
63
136
56
4
212
237
199
34
171
76
112
173
22
51
126
78
94
48
26
167
223
65
236
206
191
212
61
235
58
111
17
67
174
205
47
9
66
76
69
219
48
88
139
99
240
115
91
33
154
55
199
6
103
58
59
186
194
7
9
232
40
21
177
0
141
39
46
179
203
70
122
9
81
215
123
148
12
53
21
53
64
12
239
208
57
106
235
105
245
248
128
90
45
132
69
119
52
74
79
161
238
215
14
244
18
168
117
95
160
2
121
176
237
144
140
101
110
242
170
31
214
107
167
8
76
57
48
36
173
64
177
147
238
9
181
240
80
66
134
105
98
223
224
114
115
8
131
-1
